01111111111111111113
48888888888888888885
48011111111111111385
48888888888888888885
48888888888888888885
48888888888888888885
48888888888888888885
48888888888888888885
48888888888888888885
48888888888888888885
48888888888888888885
88888888888888888888
48888888888888888885
48888888888888888885
48888888888888888885
88888888888888888888
48888888888888888885
48888888888888888885
48888888888888888885
48888888888888888885
48888888888888888885
48888888888888888885
48888888888888888885
48888888888888888885
48888888888888888885
48622222222222222785
48888888888888888885
62222222222222222227